% -------------------------------------------------------------------------
% Stencil for this CGFD2D
%
% Author: Yuxing Pan (panyx2023@mail.sustech.edu.cn)
% Affiliation: Southern University of Science and Technology (SUSTech)
% Date: May 30, 2025
% -------------------------------------------------------------------------
%%%%%%

% 1 for 2nd order
% 2 for 4nd order
% 3 for 6nd order
%Stencil_flag = 1 / 2 / 3 

% forr matrix calculation
mac_center_all_coef = [
    -0.5,       0.0,        0.5,        0,      0,      0,      0;     % 2nd order
    0.08333333, -0.6666666, 0.0,      0.6666666, -0.08333333, 0, 0;   % 4th order
    -0.02084,   0.1667,    -0.7709,     0.0,     0.7709, -0.1667, 0.02084 % 6th order
];

% maccormack 
mac_all_coef = {
    {  % Layer 1: "at free"
        [-1.0,  1.0, 0.0, 0.0, 0.0],   % direction 1
        [-1.0,  1.0, 0.0, 0.0, 0.0]    % direction 2
    },
    {  % Layer 2: "1st, 2nd-order"
        [-1.0,  1.0, 0.0, 0.0, 0.0],
        [-1.0,  1.0, 0.0, 0.0, 0.0]
    },
    {  % Layer 3: "2nd, 4th-order"
        [-7.0/6.0,  8.0/6.0, -1.0/6.0, 0.0, 0.0],
        [ 1.0/6.0, -8.0/6.0,  7.0/6.0, 0.0, 0.0]
    },
    {  % Layer 4: "3rd, DRP scheme"
        [-0.30874, -0.6326,  1.233,  -0.3334, 0.04168],
        [-0.04168,  0.3334, -1.233,   0.6326, 0.30874]
    }
};

rk_coef = {
    {  % RK scheme (4-stage)
        [0, 0.5, 0.5, 1],   
        [1/6, 1/3, 1/3, 1/6] 
    },
    {  % RK scheme (6-stage)
        [0, 0.353323, 0.999597, 0.152188, 0.534216, 0.603907],
        [0.0467621, 0.137286, 0.170975, 0.197572, 0.282263, 0.165142]
    }

};
%optimized schemes using 9-point central stencils
CLT = [0.007650904064,-0.059463584768,0.244678631765,-0.841570125482,0,...
    0.841570125482,-0.244678631765,0.059463584768,-0.007650904064];


% selective filter
FLT = [0.008228661760,-0.045211119360,0.120007591680,-0.204788880640,0.243527493120,...
    -0.204788880640,0.120007591680,-0.045211119360,0.008228661760];
